108
109
107
61
55
51
57
45
47
49
110
112
106
111
113
44
61
55
51
57
45
47
49
110
112
106
111
113
44
61
55
51
57
47
49
114
118
116
120
106
117
121
44
46
47
49
114
118
115
119
61
55
51
57
45
47
49
45
47
37
41
43
39
37
41
43
39
37
41
43
39
37
41
43
39
37
41
43
39
37
41
43
39
37
41
43
39
37
41
43
39
37
41
43
39
37
41
43
39
37
41
43
39
37
41
43
39
37
41
43
39
37
41
43
39
37
41
43
39
37
41
43
39
36
38
40
42
36
38
40
42
36
38
40
42
36
38
40
42
36
38
40
42
36
38
40
42
36
38
40
42
36
38
40
42
36
38
40
42
36
38
40
42
36
38
40
42
36
38
40
42
36
38
40
42
36
38
40
42
36
38
40
42
36
38
40
42
44
46
48
44
44
44
44
46
44
48
48
48
50
58
44
58
59
50
50
50
60
54
58
56
52
50
58
58
48
48
48
44
58
44
46
44
48
50
60
54
58
56
52
50
58
44
44
46
50
50
60
54
58
56
52
44
46
50
60
54
58
56
52
95
96
82
97
81
53
61
51
55
59
57
50
58
50
50
50
60
54
58
56
52
50
58
53
61
51
55
59
57
50
58
50
50
50
60
54
58
56
52
50
58
50
60
54
58
56
52
50
58
50
60
54
58
56
52
50
58
50
50
60
54
58
56
52
50
50
60
54
58
56
52
50
60
54
58
56
52
50
60
54
58
56
52
100
101
82
102
84
81
103
124
125
123
41
43
39
41
43
39
130
132
122
40
131
133
42
41
43
39
41
43
39
130
132
122
40
40
131
133
42
41
43
39
41
43
39
126
128
122
127
129
40
40
41
43
39
41
43
39
126
128
122
127
129
40
40
41
43
39
134
138
136
140
122
137
141
36
41
43
39
134
138
136
140
122
137
141
36
134
138
135
139
148
149
143
150
145
151
147
53
61
51
55
59
53
61
51
55
59
152
154
144
153
155
53
61
51
55
59
53
61
51
55
59
152
154
144
153
155
53
61
51
55
59
53
61
51
55
59
152
154
144
153
155
58
58
53
61
51
55
59
53
61
51
55
59
152
154
144
153
155
58
58
53
61
51
55
59
57
53
61
51
55
59
57
52
60
52
60
54
67
54
69
54
65
54
63
71
54
67
54
69
54
65
54
63
71
156
159
157
160
144
158
161
53
61
51
55
59
57
53
61
51
55
59
57
52
60
52
60
54
54
67
54
54
69
54
54
65
54
54
63
71
156
159
157
160
144
158
161
62
62
53
61
51
55
59
57
53
61
51
55
59
57
52
60
52
60
54
54
67
54
54
69
54
54
65
54
54
63
71
156
159
157
160
144
158
161
